,employee_id,Age,Basic Pay,No of Clients,Years of Service,Performance Score
0,1,27,36688,326,37,0
1,2,52,61958,154,30,0
2,3,43,38289,820,4,1
3,4,61,41657,338,20,1
4,5,30,24947,458,29,0
5,6,50,22830,244,39,1
6,7,29,62438,923,39,1
7,8,45,39768,931,27,1
8,9,61,56301,945,2,1
9,10,26,15945,263,37,0
10,11,49,34762,483,14,1
11,12,51,26841,921,2,1
12,13,29,34289,267,18,0
13,14,50,26309,287,40,0
14,15,59,59493,923,24,1
15,16,42,60661,452,22,1
16,17,39,34400,889,40,0
17,18,50,20502,384,6,1
18,19,37,50702,516,24,1
19,20,26,52918,746,29,0
20,21,50,17439,573,3,0
21,22,46,58162,485,24,1
22,23,56,39933,710,12,0
23,24,51,36550,237,26,0
24,25,27,66829,529,8,0
25,26,55,54820,68,3,1
26,27,34,49028,321,23,1
27,28,46,22412,848,31,0
28,29,25,45387,532,17,1
29,30,54,20044,964,32,0
30,31,46,24707,918,28,0
31,32,56,38402,987,11,0
32,33,56,46494,79,1,0
33,34,29,36253,133,18,0
34,35,33,43406,766,20,0
35,36,50,19885,223,13,0
36,37,55,16325,236,1,1
37,38,29,56885,109,12,1
38,39,26,16198,828,5,0
39,40,43,41631,240,27,0
40,41,32,59063,500,38,1
41,42,56,38923,469,33,1
42,43,28,52891,658,1,1
43,44,40,59991,882,10,1
44,45,49,61538,171,3,0
45,46,38,37862,842,4,1
46,47,32,49672,670,15,0
47,48,41,29913,19,20,1
48,49,57,54854,827,31,1
49,50,27,33712,423,34,1
50,51,33,28482,621,21,1
51,52,46,42604,986,40,1
52,53,49,66807,383,24,0
53,54,29,47799,677,4,1
54,55,33,36880,89,4,0
55,56,55,66849,821,20,0
56,57,30,19795,79,14,1
57,58,33,59235,985,6,1
58,59,51,24703,692,36,0
59,60,55,50937,634,17,1
60,61,42,25046,103,10,1
61,62,25,32496,576,12,0
62,63,41,20251,423,13,0
63,64,38,61372,985,33,1
64,65,29,24233,503,29,1
65,66,37,43042,515,7,0
66,67,37,18926,41,39,1
67,68,30,46923,739,2,1
68,69,33,33269,820,18,0
69,70,38,60286,657,27,1
70,71,29,65205,718,17,1
71,72,58,20740,315,27,0
72,73,50,21171,477,19,1
73,74,57,28071,622,39,0
74,75,46,23164,241,13,1
75,76,46,32867,818,18,1
76,77,32,29737,505,9,0
77,78,56,51567,538,19,1
78,79,41,29446,232,27,0
79,80,49,23885,85,36,1
80,81,34,23183,172,8,1
81,82,44,50440,280,28,1
82,83,54,35654,469,29,1
83,84,44,38565,918,13,1
84,85,29,17981,403,32,0
85,86,28,50496,337,32,1
86,87,56,36723,390,25,1
87,88,56,63366,960,35,0
88,89,61,34839,297,35,1
89,90,47,15702,952,17,0
90,91,29,25420,105,25,1
91,92,27,40720,919,33,0
92,93,26,26385,916,6,1
93,94,57,47204,385,34,1
94,95,39,61557,399,22,1
95,96,36,27960,501,23,1
96,97,42,59688,48,37,1
97,98,35,43878,739,0,0
98,99,29,66297,849,39,1
99,100,47,27220,271,27,0
